$ 1 0.000005 5.023272298708815 61 7 50 5e-11
165 144 128 160 128 14 4.999999950000001
R 208 96 208 32 0 0 40 5 0 0 0.5
w 272 160 320 160 0
w 320 160 320 96 0
w 320 96 208 96 0
O 272 192 368 192 0 0
w 240 288 240 336 0
w 240 336 208 336 0
c 160 304 160 336 0 1e-8 3.333333333333337 0.001
w 160 336 208 336 0
w 208 288 160 288 0
w 160 288 160 304 0
r 80 64 80 112 0 82
w 80 112 80 144 0
w 208 96 128 96 0
w 128 96 128 32 0
w 128 32 80 32 0
w 80 32 80 64 0
r 80 144 80 192 0 30
w 144 160 128 160 0
w 128 160 128 144 0
w 128 144 80 144 0
w 80 192 80 256 0
w 144 224 128 224 0
w 128 224 128 256 0
w 128 256 144 256 0
w 80 256 128 256 0
c 80 288 80 352 0 0.000001 2.0572236059110356 0.001
w 80 288 80 272 0
w 208 336 208 384 0
w 208 384 208 416 0
g 208 416 208 432 0 0
w 80 352 80 384 0
w 80 384 208 384 0
w 80 272 80 256 0
