$ 1 0.000005 10.20027730826997 50 5 43 5e-11
a 240 144 368 144 8 15 -15 1000000 -7.553213237327885e-8 0 100000
r 80 128 80 192 0 13000
r 16 128 80 128 0 5100
r 208 128 208 48 0 6200
c 112 128 176 128 0 6.8000000000000005e-9 -3.559458210545232 0.001
c 112 128 112 48 0 1.5000000000000002e-9 -3.5670114993146926 0.001
g 80 192 80 224 0 0
w 80 128 112 128 0
w 176 128 208 128 0
w 112 48 208 48 0
w 208 128 240 128 0
w 240 160 144 160 0
w 144 160 144 192 0
w 144 192 80 192 0
w 208 48 336 48 0
w 368 144 400 144 0
w 336 48 400 48 0
w 400 144 400 48 0
v -16 192 -16 144 0 1 60 5 0 0 0.5
w -16 144 -16 128 0
w -16 128 16 128 0
w -16 192 80 192 0
